0 0.280000 0.444000 0.100000 0.108000
0 0.121000 0.229000 0.098000 0.086000
0 0.185000 0.159000 0.102000 0.082000
0 0.251000 0.298000 0.110000 0.104000
0 0.033000 0.204000 0.066000 0.124000
0 0.105000 0.113000 0.106000 0.098000
0 0.244000 0.127645 0.100000 0.080000
0 0.362776 0.669111 0.095426 0.091635
0 0.015481 0.639876 0.030510 0.076839
0 0.310952 0.762412 0.115987 0.110516
0 0.948220 0.925501 0.094704 0.105835
0 0.210652 0.979606 0.075302 0.040536
0 0.744440 0.908069 0.089775 0.055194
0 0.029913 0.702969 0.059758 0.099838
0 0.218065 0.914122 0.136981 0.072054
1 0.065831 0.728825 0.100765 0.085775
0 0.349077 0.462278 0.073773 0.063920
0 0.878862 0.688897 0.128310 0.180730
0 0.065652 0.727770 0.101567 0.086154
