0 0.242000 0.771000 0.136000 0.158000
0 0.605000 0.030000 0.098000 0.060000
0 0.309000 0.465000 0.086000 0.054000
0 0.524000 0.016000 0.044000 0.032000
0 0.324182 0.599955 0.086182 0.118818
0 0.412000 0.684000 0.088000 0.064000
0 0.710977 0.929020 0.109571 0.123182
0 0.768872 0.486206 0.109841 0.114717
0 0.334853 0.731283 0.104394 0.125356
0 0.327018 0.357485 0.084164 0.142507
0 0.414769 0.399434 0.114826 0.150174
0 0.695703 0.415491 0.110529 0.137419
0 0.160106 0.945602 0.143871 0.085925
0 0.752866 0.222050 0.087520 0.091698
0 0.840048 0.530110 0.104077 0.122620
0 0.476536 0.858113 0.110000 0.106332
0 0.546279 0.927056 0.092109 0.137802
0 0.371693 0.267908 0.103773 0.114840
0 0.464892 0.321583 0.079637 0.102194
0 0.466606 0.976212 0.062350 0.047236
1 0.184434 0.488089 0.107633 0.116579
1 0.978820 0.986708 0.042167 0.026043
1 0.974437 0.991802 0.051126 0.016396
0 0.037737 0.900295 0.075475 0.126708
0 0.783125 0.852301 0.130100 0.144976
0 0.176475 0.830504 0.087002 0.083789
0 0.173044 0.990763 0.099017 0.018474
0 0.643182 0.286364 0.104545 0.081818
0 0.796591 0.328409 0.084091 0.079545
0 0.917045 0.372727 0.093182 0.109091
0 0.939773 0.488636 0.038636 0.063636
0 0.938636 0.563636 0.050000 0.054545
0 0.882955 0.715909 0.111364 0.122727
0 0.969318 0.834091 0.056818 0.072727
0 0.947727 0.912500 0.077273 0.084091
0 0.570455 0.446591 0.113636 0.143182
0 0.653409 0.573864 0.084091 0.097727
0 0.754545 0.651136 0.086364 0.120455
0 0.439773 0.757955 0.075000 0.065909
0 0.211364 0.622727 0.077273 0.109091
0 0.098864 0.692045 0.138636 0.079545
0 0.235227 0.289773 0.061364 0.125000
0 0.336364 0.109091 0.100000 0.100000
0 0.760227 0.096591 0.088636 0.093182
0 0.882955 0.153409 0.084091 0.111364
0 0.969318 0.065909 0.061364 0.127273
0 0.965909 0.246591 0.068182 0.097727
0 0.631818 0.156818 0.109091 0.150000
0 0.544318 0.293182 0.093182 0.095455
0 0.038636 0.561364 0.072727 0.104545
0 0.098864 0.311364 0.125000 0.100000
0 0.070455 0.112500 0.072727 0.134091
0 0.168182 0.114773 0.086364 0.115909
0 0.557955 0.768182 0.106818 0.118182
0 0.340909 0.879545 0.109091 0.109091
0 0.410227 0.536364 0.129545 0.095455
0 0.522727 0.589773 0.009091 0.047727
