0 0.419000 0.240000 0.098000 0.112000
0 0.710130 0.167188 0.118287 0.115242
0 0.779674 0.093359 0.110640 0.133070
0 0.790635 0.323848 0.101030 0.149060
0 0.541672 0.029547 0.126381 0.058703
0 0.483279 0.060938 0.113371 0.078870
0 0.299383 0.949139 0.139890 0.101723
0 0.054707 0.366780 0.109073 0.126707
0 0.391919 0.979296 0.172482 0.041143
0 0.538147 0.044788 0.132732 0.082484
0 0.197215 0.832894 0.115381 0.107573
0 0.476297 0.158935 0.106457 0.085346
0 0.248737 0.023804 0.132988 0.047338
0 0.012126 0.809529 0.023853 0.134192
0 0.247365 0.186994 0.097191 0.099445
1 0.372500 0.586653 0.068339 0.088952
0 0.593419 0.330415 0.122546 0.117783
0 0.365597 0.020166 0.121337 0.040173
0 0.186652 0.405748 0.097530 0.108323
0 0.515873 0.645632 0.112924 0.101770
0 0.820482 0.750053 0.092113 0.074166
0 0.379223 0.017177 0.112344 0.034290
0 0.334091 0.754545 0.140909 0.163636
0 0.148864 0.164773 0.084091 0.129545
0 0.638636 0.506818 0.090909 0.109091
0 0.882955 0.200000 0.079545 0.113636
0 0.179545 0.931818 0.095455 0.090909
0 0.192045 0.495455 0.143182 0.086364
