0 0.323000 0.775000 0.110000 0.106000
0 0.355000 0.401000 0.146000 0.150000
0 0.815000 0.030000 0.118000 0.060000
0 0.150000 0.246000 0.124000 0.096000
0 0.703000 0.022000 0.090000 0.044000
0 0.517000 0.138000 0.086000 0.120000
0 0.209489 0.436161 0.139052 0.161494
0 0.401710 0.693940 0.128292 0.156083
0 0.583350 0.479345 0.148892 0.159125
0 0.448081 0.040993 0.147342 0.081987
0 0.067661 0.657704 0.135322 0.140058
0 0.806712 0.728427 0.105033 0.124986
1 0.775941 0.093949 0.106719 0.090564
0 0.203025 0.047025 0.104140 0.094050
0 0.068182 0.302273 0.100000 0.100000
0 0.110227 0.136364 0.075000 0.113636
0 0.330682 0.238636 0.179545 0.131818
0 0.577273 0.269318 0.145455 0.097727
0 0.689773 0.172727 0.138636 0.131818
0 0.834091 0.343182 0.100000 0.095455
0 0.914773 0.198864 0.088636 0.143182
0 0.938636 0.713636 0.090909 0.136364
0 0.917045 0.864773 0.079545 0.115909
0 0.960227 0.968182 0.079545 0.059091
0 0.703409 0.952273 0.079545 0.086364
0 0.405682 0.881818 0.070455 0.086364
0 0.143182 0.944318 0.113636 0.093182
0 0.559091 0.648864 0.118182 0.106818
0 0.077273 0.513636 0.081818 0.077273
0 0.211364 0.631818 0.086364 0.122727
0 0.636364 0.813636 0.081818 0.154545
0 0.696591 0.684091 0.070455 0.104545
0 0.320455 0.062500 0.077273 0.093182
0 0.888636 0.498864 0.122727 0.111364
0 0.737500 0.521591 0.138636 0.170455
0 0.527273 0.945455 0.104545 0.104545
