1 0.360962 0.764844 0.043457 0.056641
1 0.528345 0.789095 0.053467 0.091471
1 0.322998 0.401530 0.061279 0.056641
1 0.605981 0.589844 0.036865 0.053060
1 0.331055 0.561686 0.044189 0.059245
1 0.141357 0.724609 0.074707 0.075521
1 0.729272 0.352376 0.063721 0.052083
1 0.716577 0.710807 0.043213 0.044922
1 0.625244 0.684896 0.048340 0.058594
1 0.756860 0.321452 0.029541 0.032552
1 0.491956 0.467285 0.034937 0.042969
1 0.160156 0.514974 0.035889 0.032878
1 0.449829 0.656917 0.048828 0.044629
1 0.908228 0.515299 0.041748 0.046549
1 0.619775 0.369629 0.063477 0.055990
1 0.683618 0.378906 0.057373 0.057617
1 0.571191 0.142741 0.065430 0.080729
1 0.180420 0.556966 0.050049 0.049154
1 0.478894 0.371257 0.079614 0.046224
1 0.290649 0.705273 0.073730 0.053385
1 0.635767 0.133789 0.056396 0.069336
1 0.241103 0.930617 0.051904 0.055198
1 0.076996 0.976752 0.046339 0.041774
1 0.864967 0.611210 0.034031 0.040544
1 0.543896 0.699388 0.062458 0.056946
1 0.674492 0.311811 0.041779 0.071678
1 0.019089 0.527661 0.021514 0.031985
1 0.155977 0.665168 0.033250 0.040490
1 0.299170 0.465810 0.066072 0.068577
1 0.200438 0.976919 0.036668 0.045555
1 0.139186 0.799121 0.050510 0.068856
1 0.808391 0.522379 0.083502 0.089148
1 0.051288 0.853996 0.067608 0.073356
0 0.985659 0.442871 0.028683 0.061627
1 0.145187 0.554888 0.044890 0.038395
1 0.261620 0.559910 0.041847 0.035920
1 0.211548 0.521698 0.038797 0.053859
1 0.734121 0.661508 0.053117 0.039272
1 0.053613 0.704332 0.035256 0.050473
1 0.414316 0.482055 0.049679 0.108270
1 0.399374 0.623429 0.043201 0.042570
1 0.006464 0.638389 0.012854 0.044108
1 0.903841 0.452291 0.055629 0.053779
1 0.974839 0.529532 0.048276 0.051244
1 0.227362 0.601330 0.025941 0.055418
1 0.009071 0.581903 0.018141 0.043405
1 0.576989 0.486364 0.083523 0.090909
1 0.897443 0.697727 0.090341 0.086364
1 0.610227 0.803409 0.078409 0.102273
1 0.751705 0.073864 0.068182 0.065909
1 0.926989 0.267045 0.146023 0.275000
1 0.409091 0.380682 0.054545 0.075000
1 0.729545 0.546591 0.071591 0.102273
1 0.392898 0.559091 0.052841 0.081818
