1 0.755029 0.518717 0.081543 0.043620
1 0.344238 0.927767 0.065186 0.056315
1 0.457764 0.455078 0.035889 0.040690
1 0.501653 0.461955 0.042806 0.041833
1 0.495129 0.672341 0.053715 0.054636
1 0.353081 0.441487 0.039083 0.044908
1 0.061077 0.369636 0.113141 0.077874
1 0.667376 0.495974 0.043613 0.039951
1 0.349771 0.229362 0.043579 0.051095
1 0.600444 0.405547 0.039986 0.066675
1 0.327142 0.957545 0.037309 0.038665
1 0.372001 0.720368 0.039493 0.047752
1 0.575064 0.547159 0.037806 0.045397
1 0.432325 0.451387 0.029691 0.030811
1 0.419307 0.530761 0.036118 0.044725
1 0.487804 0.489518 0.032138 0.027911
1 0.316405 0.333876 0.034606 0.042974
1 0.427333 0.879274 0.036168 0.034461
1 0.366002 0.011759 0.035480 0.023519
1 0.526016 0.504578 0.034760 0.039112
1 0.495028 0.480769 0.043592 0.041772
1 0.741480 0.755456 0.061496 0.075326
1 0.575005 0.967247 0.049065 0.033589
1 0.529682 0.991066 0.034620 0.017869
1 0.213950 0.390241 0.039357 0.044226
1 0.572942 0.543730 0.049038 0.051734
1 0.557193 0.574601 0.051058 0.058976
1 0.868231 0.567115 0.032169 0.052363
1 0.079261 0.629545 0.107386 0.140909
1 0.036648 0.790909 0.039205 0.118182
1 0.184091 0.817045 0.068182 0.115909
1 0.275284 0.622727 0.080114 0.086364
1 0.488352 0.260227 0.073295 0.102273
1 0.395455 0.204545 0.051136 0.113636
1 0.916193 0.443182 0.063068 0.100000
1 0.946023 0.581818 0.040909 0.072727
1 0.696307 0.810227 0.056250 0.097727
1 0.675000 0.196591 0.088636 0.106818
1 0.808807 0.332955 0.056250 0.106818
1 0.064773 0.234091 0.085227 0.086364
1 0.453409 0.604545 0.054545 0.045455
1 0.511364 0.377273 0.081818 0.081818
1 0.598295 0.092045 0.088636 0.134091
1 0.305966 0.134091 0.083523 0.109091
1 0.277841 0.860227 0.068182 0.070455
1 0.178977 0.650000 0.085227 0.118182
0 0.261648 0.478409 0.117614 0.093182
1 0.651989 0.684091 0.090341 0.100000
