1 0.642358 0.794141 0.030518 0.037109
1 0.385498 0.242188 0.043457 0.062500
1 0.655664 0.824577 0.024414 0.029622
1 0.335815 0.205729 0.029785 0.039388
1 0.690203 0.043860 0.043720 0.046515
1 0.475025 0.378166 0.038039 0.052328
1 0.749225 0.833271 0.041473 0.055245
1 0.642593 0.582261 0.039008 0.042393
1 0.298522 0.195412 0.036860 0.054801
1 0.012828 0.777596 0.025543 0.050610
1 0.604988 0.458765 0.038530 0.039246
1 0.412431 0.449320 0.048327 0.064026
1 0.552958 0.775240 0.041295 0.051035
1 0.682769 0.877096 0.027564 0.081893
1 0.635335 0.738645 0.027228 0.040957
1 0.681956 0.473791 0.037231 0.044141
1 0.646665 0.892825 0.040388 0.034025
1 0.766270 0.021007 0.073705 0.041567
1 0.805862 0.129018 0.046877 0.063621
1 0.587305 0.263345 0.021299 0.048355
1 0.745170 0.818865 0.035825 0.066996
1 0.593715 0.488745 0.028505 0.033956
1 0.578356 0.181695 0.024592 0.039667
1 0.639838 0.738802 0.037695 0.047537
1 0.646305 0.484315 0.043118 0.058131
1 0.654186 0.628086 0.036982 0.046044
1 0.942289 0.017793 0.040222 0.035160
0 0.805510 0.585181 0.057168 0.067646
1 0.861596 0.110175 0.060339 0.077369
1 0.257475 0.167754 0.032385 0.054752
1 0.488278 0.739370 0.052796 0.047062
1 0.644825 0.886157 0.043869 0.047471
1 0.435988 0.394962 0.037309 0.050888
1 0.712719 0.514591 0.031937 0.047154
1 0.695140 0.262303 0.047596 0.088048
1 0.548773 0.474694 0.035163 0.039341
1 0.655315 0.759562 0.026903 0.030254
1 0.573405 0.413328 0.026603 0.047515
1 0.555574 0.506466 0.023381 0.030842
1 0.929055 0.469103 0.047499 0.071973
1 0.418513 0.090486 0.030571 0.050989
1 0.486672 0.728063 0.057769 0.070331
1 0.613219 0.559503 0.030708 0.036702
1 0.686875 0.870761 0.031650 0.084311
1 0.553095 0.558583 0.032516 0.050944
1 0.534198 0.442770 0.047951 0.057216
1 0.742809 0.805545 0.031913 0.041420
1 0.567032 0.742593 0.036871 0.044865
1 0.597940 0.592194 0.056262 0.056799
1 0.478125 0.589773 0.069886 0.102273
1 0.646023 0.347727 0.051136 0.077273
1 0.784943 0.409091 0.073295 0.100000
0 0.937500 0.725000 0.064773 0.090909
1 0.302557 0.069318 0.090341 0.106818
1 0.954545 0.181818 0.061364 0.113636
