1 0.439453 0.486328 0.037109 0.082031
1 0.710449 0.266602 0.049805 0.059245
1 0.688379 0.355306 0.057129 0.051432
1 0.487549 0.485026 0.060059 0.083333
1 0.650635 0.376302 0.055176 0.053385
1 0.236084 0.642253 0.051270 0.073568
1 0.318604 0.491862 0.057129 0.078776
1 0.640381 0.323893 0.062012 0.056641
1 0.603662 0.399902 0.075195 0.072917
1 0.075684 0.191406 0.060547 0.062500
1 0.529932 0.462728 0.031250 0.065755
1 0.381836 0.485026 0.081055 0.091146
1 0.661279 0.266113 0.060547 0.059245
1 0.753320 0.237793 0.043457 0.076823
1 0.237305 0.278320 0.112305 0.129557
1 0.287598 0.616862 0.061523 0.069661
1 0.360352 0.555339 0.056641 0.057292
1 0.553955 0.356445 0.075684 0.051432
1 0.484375 0.407878 0.081055 0.077474
1 0.690460 0.311563 0.057178 0.051580
1 0.534318 0.408227 0.071781 0.075072
1 0.297250 0.549276 0.068767 0.078295
1 0.325145 0.587711 0.045725 0.051847
1 0.121212 0.164194 0.050621 0.061253
1 0.564618 0.450094 0.045569 0.067234
1 0.407909 0.551366 0.058402 0.058116
1 0.245601 0.565959 0.039109 0.052390
1 0.416463 0.409585 0.047859 0.053860
1 0.051208 0.671718 0.102415 0.157432
0 0.478977 0.080682 0.105682 0.111364
0 0.811364 0.107955 0.092045 0.125000
0 0.940057 0.226136 0.080114 0.120455
0 0.437216 0.296591 0.168750 0.143182
0 0.216477 0.476136 0.143182 0.138636
0 0.075000 0.381818 0.102273 0.181818
0 0.089489 0.573864 0.110795 0.093182
0 0.048580 0.825000 0.080114 0.090909
