1 0.637842 0.340820 0.151855 0.166992
1 0.899446 0.453414 0.073322 0.088000
1 0.071720 0.435896 0.094629 0.089529
1 0.969413 0.628449 0.061174 0.134765
1 0.972189 0.085031 0.055537 0.143440
1 0.965864 0.557329 0.068272 0.104801
0 0.092045 0.934091 0.129545 0.131818
0 0.080114 0.556818 0.095455 0.100000
1 0.390341 0.269318 0.109091 0.093182
1 0.711648 0.482955 0.080114 0.079545
0 0.271023 0.144318 0.136364 0.188636
0 0.160227 0.114773 0.098864 0.138636
0 0.559091 0.821591 0.129545 0.175000
0 0.419318 0.823864 0.136364 0.156818
0 0.077557 0.720455 0.083523 0.127273
0 0.526705 0.094318 0.132955 0.156818
0 0.758523 0.093182 0.136364 0.159091
1 0.631534 0.169318 0.069886 0.125000
1 0.812216 0.377273 0.117614 0.181818
1 0.712500 0.677273 0.139773 0.177273
0 0.349432 0.585227 0.153409 0.165909
0 0.215625 0.653409 0.124432 0.125000
0 0.201136 0.384091 0.119318 0.168182
1 0.877841 0.130682 0.088636 0.179545
0 0.786648 0.534091 0.049432 0.095455
0 0.847159 0.726136 0.095455 0.106818
0 0.461932 0.542045 0.112500 0.197727
0 0.394602 0.076136 0.080114 0.115909
