1 0.631592 0.425781 0.062988 0.080729
1 0.556152 0.676432 0.091797 0.125000
1 0.446533 0.486654 0.090332 0.083984
1 0.493657 0.397499 0.071344 0.055389
1 0.537522 0.523553 0.082912 0.092982
1 0.816628 0.512785 0.061883 0.085811
1 0.544540 0.466811 0.067623 0.076451
1 0.626288 0.512769 0.068021 0.102510
0 0.345170 0.094318 0.117614 0.102273
0 0.282955 0.361364 0.136364 0.154545
0 0.523295 0.161364 0.078409 0.172727
0 0.665625 0.288636 0.107386 0.127273
0 0.545455 0.309091 0.068182 0.068182
0 0.421023 0.393182 0.061364 0.086364
0 0.894886 0.428409 0.139773 0.152273
0 0.726136 0.485227 0.095455 0.102273
0 0.460227 0.713636 0.068182 0.131818
