1 0.664307 0.636068 0.113770 0.095052
1 0.492432 0.612305 0.076660 0.059245
1 0.448730 0.488932 0.064453 0.066406
1 0.280518 0.492839 0.064941 0.088542
1 0.395996 0.525065 0.050781 0.089193
1 0.903076 0.525065 0.063965 0.060547
1 0.644775 0.508464 0.039551 0.058594
1 0.509033 0.456706 0.060059 0.070964
1 0.647705 0.401367 0.143066 0.072266
1 0.737305 0.468424 0.086914 0.068359
1 0.707031 0.059570 0.107422 0.082682
1 0.214469 0.814261 0.135666 0.097975
1 0.493945 0.533022 0.076649 0.090684
1 0.692314 0.932750 0.134877 0.130024
1 0.186269 0.609867 0.078342 0.062386
1 0.447123 0.731074 0.110566 0.090389
1 0.398852 0.093272 0.076492 0.089537
1 0.950046 0.286464 0.088686 0.043929
1 0.237353 0.635662 0.062710 0.038245
1 0.750335 0.612843 0.048825 0.054335
1 0.678989 0.483157 0.061328 0.104746
1 0.809387 0.614291 0.052784 0.049768
1 0.145755 0.423223 0.057554 0.097837
1 0.953325 0.604650 0.093109 0.070372
1 0.532593 0.626313 0.100168 0.079468
1 0.245802 0.449572 0.085243 0.098758
1 0.520700 0.627734 0.071864 0.075031
1 0.609289 0.163458 0.075764 0.090255
1 0.358177 0.407338 0.079465 0.099609
1 0.238785 0.165325 0.086296 0.064079
1 0.201413 0.737616 0.095375 0.081991
1 0.460837 0.726973 0.082813 0.077651
1 0.577528 0.477718 0.049994 0.102654
1 0.315733 0.725687 0.066360 0.069683
1 0.763447 0.046167 0.058880 0.092335
1 0.800997 0.574183 0.067322 0.067279
1 0.766250 0.025826 0.054938 0.051652
1 0.453101 0.445101 0.055985 0.038539
1 0.729373 0.552025 0.067258 0.089129
0 0.061364 0.438636 0.095455 0.186364
0 0.942614 0.889773 0.085227 0.102273
