1 0.685059 0.444661 0.087891 0.085938
1 0.676179 0.394977 0.111828 0.153920
0 0.269318 0.729545 0.132955 0.154545
0 0.246307 0.522727 0.121023 0.145455
0 0.115057 0.518182 0.117614 0.172727
0 0.066477 0.719318 0.105682 0.152273
0 0.681818 0.929545 0.139773 0.131818
0 0.450852 0.692045 0.097159 0.152273
0 0.466193 0.485227 0.138068 0.129545
0 0.588920 0.612500 0.083523 0.179545
0 0.880398 0.575000 0.083523 0.131818
0 0.777273 0.668182 0.105682 0.168182
0 0.951989 0.439773 0.066477 0.134091
0 0.972159 0.590909 0.055682 0.127273
0 0.840341 0.319318 0.092045 0.175000
0 0.769602 0.381818 0.042614 0.136364
