1 0.564331 0.565104 0.124756 0.118490
0 0.392958 0.799692 0.134635 0.189993
0 0.164717 0.033156 0.153984 0.066012
0 0.166790 0.964221 0.148686 0.071557
0 0.054266 0.332583 0.108285 0.159511
0 0.162678 0.824581 0.176041 0.247707
0 0.261750 0.745136 0.144170 0.149925
0 0.721013 0.976583 0.127081 0.046834
0 0.468514 0.662059 0.093098 0.100550
0 0.018842 0.427415 0.037630 0.157998
0 0.969856 0.779305 0.060288 0.147050
0 0.053509 0.906629 0.107018 0.186490
0 0.697868 0.700971 0.090458 0.149965
0 0.276946 0.977207 0.103614 0.045482
0 0.518182 0.394318 0.139773 0.156818
0 0.923864 0.637500 0.115909 0.161364
0 0.816477 0.695455 0.075000 0.163636
0 0.906818 0.957955 0.088636 0.084091
0 0.200284 0.564773 0.090341 0.147727
0 0.389489 0.438636 0.110795 0.145455
0 0.345170 0.563636 0.100568 0.131818
0 0.079261 0.622727 0.117614 0.154545
