1 0.474854 0.561849 0.098145 0.111979
1 0.542481 0.328542 0.035514 0.053456
1 0.470570 0.392438 0.057038 0.062429
1 0.655501 0.300929 0.041644 0.047799
1 0.939797 0.502988 0.046168 0.070262
1 0.234895 0.269940 0.083302 0.098901
1 0.041189 0.207249 0.031486 0.039265
1 0.036464 0.031293 0.072928 0.062586
1 0.416983 0.638489 0.049951 0.064199
1 0.869273 0.985908 0.046714 0.027924
1 0.321440 0.567994 0.083986 0.087194
1 0.941342 0.820700 0.041923 0.056698
1 0.694773 0.291795 0.043900 0.064531
1 0.817963 0.425472 0.064251 0.037306
1 0.899416 0.964017 0.082795 0.071966
1 0.867479 0.617219 0.027441 0.041796
1 0.817409 0.292115 0.029418 0.041259
1 0.874894 0.320236 0.034598 0.064733
1 0.029946 0.578551 0.047329 0.046204
1 0.112220 0.216733 0.060322 0.060612
1 0.274070 0.880495 0.048069 0.078444
1 0.706721 0.226178 0.056257 0.060927
1 0.500711 0.975842 0.111899 0.048315
1 0.876200 0.967611 0.036368 0.063400
0 0.741477 0.740909 0.132955 0.186364
0 0.703125 0.594318 0.097159 0.120455
0 0.651136 0.380682 0.068182 0.075000
0 0.345170 0.211364 0.090341 0.163636
0 0.724432 0.094318 0.064773 0.115909
0 0.548011 0.082955 0.090341 0.102273
0 0.946023 0.231818 0.068182 0.118182
0 0.385227 0.746591 0.102273 0.184091
0 0.224148 0.690909 0.090341 0.136364
0 0.522443 0.794318 0.083523 0.170455
0 0.388636 0.376136 0.098864 0.102273
1 0.340057 0.476136 0.124432 0.102273
1 0.080966 0.756818 0.080114 0.131818
0 0.499432 0.223864 0.085227 0.115909
0 0.565909 0.454545 0.088636 0.109091
1 0.195170 0.417045 0.103977 0.197727
1 0.141477 0.909091 0.102273 0.131818
