0 0.287964 0.082845 0.114258 0.131510
0 0.596338 0.425456 0.121582 0.165039
0 0.037148 0.193030 0.071078 0.078393
0 0.096145 0.251225 0.076670 0.078855
0 0.160174 0.241638 0.089408 0.094058
0 0.955414 0.600908 0.054319 0.100876
0 0.989821 0.519174 0.020359 0.084743
0 0.012889 0.138822 0.024808 0.073799
0 0.924347 0.704576 0.021761 0.130305
0 0.138920 0.071591 0.172159 0.120455
0 0.949148 0.309091 0.101705 0.190909
0 0.521591 0.096591 0.136364 0.143182
0 0.571023 0.252273 0.115909 0.122727
0 0.467898 0.360227 0.110795 0.097727
0 0.332386 0.285227 0.061364 0.056818
0 0.306818 0.345455 0.081818 0.063636
0 0.386080 0.093182 0.063068 0.109091
0 0.398011 0.270455 0.080114 0.054545
0 0.468750 0.477273 0.075000 0.068182
0 0.392898 0.455682 0.066477 0.120455
0 0.225000 0.709091 0.102273 0.100000
0 0.319602 0.952273 0.066477 0.095455
0 0.429545 0.795455 0.040909 0.081818
0 0.859943 0.600000 0.052841 0.181818
