0 0.439697 0.532715 0.077881 0.080078
0 0.570947 0.412923 0.074219 0.078776
0 0.727581 0.561514 0.081344 0.099516
0 0.339176 0.464657 0.113983 0.087521
0 0.606042 0.490542 0.081702 0.106204
1 0.036664 0.086080 0.072803 0.073702
1 0.943191 0.495327 0.054332 0.075711
0 0.986798 0.475823 0.026405 0.092013
1 0.843880 0.295655 0.051984 0.062775
1 0.207346 0.285340 0.034402 0.050932
1 0.649192 0.359474 0.094927 0.083356
1 0.795537 0.366035 0.064663 0.061509
0 0.290941 0.330036 0.091544 0.093078
1 0.172503 0.222505 0.049225 0.056555
0 0.103977 0.489773 0.105682 0.129545
0 0.081818 0.373864 0.068182 0.093182
0 0.183239 0.371591 0.059659 0.106818
0 0.038352 0.205682 0.052841 0.125000
0 0.655398 0.262500 0.090341 0.111364
0 0.800284 0.169318 0.056250 0.125000
0 0.877841 0.400000 0.044318 0.090909
0 0.836080 0.495455 0.073295 0.045455
0 0.736364 0.443182 0.068182 0.104545
0 0.554830 0.761364 0.138068 0.127273
0 0.421023 0.260227 0.064773 0.143182
0 0.598295 0.151136 0.061364 0.147727
0 0.513920 0.137500 0.073295 0.152273
0 0.681818 0.126136 0.051136 0.111364
0 0.901705 0.186364 0.105682 0.190909
0 0.115057 0.173864 0.069886 0.070455
0 0.338352 0.245455 0.107386 0.122727
0 0.741477 0.243182 0.051136 0.095455
0 0.575284 0.578409 0.073295 0.075000
0 0.113352 0.279545 0.056250 0.086364
