0 0.570312 0.569010 0.097168 0.094401
0 0.912811 0.798915 0.086218 0.091000
0 0.956676 0.661116 0.060258 0.079746
0 0.969205 0.750882 0.061591 0.092817
0 0.029078 0.670655 0.058155 0.121325
0 0.045571 0.555551 0.091142 0.100459
0 0.981073 0.653823 0.037854 0.123807
0 0.988998 0.675121 0.022005 0.144082
0 0.657898 0.078020 0.142280 0.156040
0 0.136580 0.506002 0.075892 0.090107
0 0.478488 0.692296 0.132760 0.119388
0 0.006877 0.605251 0.013415 0.079796
0 0.982213 0.628818 0.034553 0.080163
0 0.167189 0.057443 0.100032 0.114886
0 0.989394 0.698896 0.021211 0.119245
0 0.984855 0.572666 0.029751 0.038770
0 0.332386 0.147727 0.156818 0.168182
0 0.173011 0.240909 0.158523 0.150000
0 0.146591 0.398864 0.160227 0.115909
0 0.281250 0.567045 0.126136 0.165909
0 0.213068 0.939773 0.105682 0.079545
0 0.324716 0.957955 0.052841 0.084091
0 0.416761 0.863636 0.083523 0.127273
0 0.594034 0.809091 0.080114 0.140909
1 0.825000 0.807955 0.119318 0.143182
0 0.817330 0.937500 0.059659 0.056818
0 0.882102 0.339773 0.124432 0.193182
0 0.807102 0.509091 0.165341 0.186364
0 0.710795 0.238636 0.088636 0.109091
0 0.541193 0.405682 0.121023 0.206818
0 0.688636 0.348864 0.088636 0.102273
0 0.156818 0.661364 0.119318 0.131818
0 0.427841 0.377273 0.088636 0.190909
