0 0.569238 0.502930 0.089355 0.109701
0 0.746172 0.109946 0.144167 0.130492
0 0.692872 0.614880 0.091393 0.103916
0 0.398938 0.415939 0.088115 0.085337
0 0.854206 0.641077 0.080444 0.098732
0 0.651910 0.011618 0.083049 0.023235
0 0.364773 0.188636 0.139773 0.222727
0 0.859943 0.245455 0.107386 0.159091
0 0.913636 0.470455 0.102273 0.154545
0 0.752557 0.489773 0.090341 0.111364
0 0.518182 0.312500 0.112500 0.125000
0 0.256534 0.413636 0.134659 0.118182
0 0.079261 0.272727 0.117614 0.104545
0 0.207955 0.264773 0.092045 0.120455
0 0.062216 0.561364 0.107386 0.127273
0 0.613636 0.856818 0.143182 0.140909
0 0.481534 0.651136 0.083523 0.161364
0 0.886364 0.917045 0.136364 0.147727
0 0.657102 0.352273 0.083523 0.150000
0 0.530114 0.144318 0.139773 0.161364
0 0.220739 0.100000 0.107386 0.109091
