0 0.260498 0.557943 0.129883 0.073568
1 0.354248 0.459310 0.082031 0.138021
0 0.255859 0.449870 0.113770 0.112630
0 0.578125 0.271484 0.118164 0.128906
0 0.578560 0.776338 0.097656 0.105469
0 0.605957 0.363607 0.074219 0.069661
0 0.052274 0.239974 0.078812 0.098090
1 0.954967 0.279678 0.090065 0.125077
0 0.114940 0.233235 0.080653 0.105485
0 0.262403 0.329783 0.078297 0.089591
0 0.018169 0.202946 0.036200 0.095930
0 0.165705 0.352764 0.112425 0.121036
0 0.619375 0.852983 0.063825 0.077959
0 0.786166 0.767404 0.161528 0.126067
0 0.029795 0.275940 0.058950 0.057796
0 0.168625 0.521945 0.120065 0.095106
0 0.720743 0.353164 0.120370 0.112955
0 0.186794 0.297793 0.108180 0.133122
0 0.656037 0.266478 0.081131 0.096843
0 0.134449 0.486567 0.076646 0.076318
0 0.659965 0.669928 0.105534 0.126085
0 0.014266 0.211081 0.028239 0.092013
0 0.023419 0.344330 0.046746 0.089405
1 0.866932 0.887207 0.262773 0.220988
1 0.876136 0.115909 0.092045 0.150000
1 0.961364 0.578409 0.068182 0.111364
1 0.506250 0.660227 0.112500 0.120455
