0 0.229004 0.390951 0.079102 0.117839
0 0.307129 0.462565 0.075195 0.097005
0 0.337402 0.337891 0.133789 0.128906
0 0.399658 0.484375 0.130371 0.125000
0 0.898438 0.315104 0.111328 0.101562
0 0.894531 0.480794 0.116211 0.110026
0 0.541260 0.471354 0.177246 0.145833
0 0.070312 0.517904 0.061768 0.079753
1 0.715820 0.409831 0.105469 0.128255
0 0.614746 0.343750 0.084961 0.138021
0 0.910889 0.414062 0.085449 0.084635
0 0.687988 0.279297 0.079102 0.122396
0 0.768555 0.322266 0.105469 0.125000
0 0.795922 0.378120 0.092937 0.129267
0 0.023297 0.332361 0.046123 0.109503
0 0.050353 0.363348 0.047171 0.063701
0 0.979351 0.487206 0.041299 0.116223
0 0.265473 0.919277 0.172457 0.160575
0 0.286377 0.061764 0.126675 0.118916
0 0.826147 0.443329 0.068464 0.089194
0 0.468960 0.342884 0.185306 0.123488
0 0.435827 0.342044 0.117471 0.124603
0 0.315358 0.028914 0.087856 0.057828
0 0.204460 0.326571 0.060695 0.053882
1 0.832278 0.623186 0.159387 0.093891
0 0.304108 0.049060 0.132189 0.096770
0 0.323323 0.034205 0.119685 0.068243
0 0.153068 0.968476 0.140919 0.063047
1 0.131250 0.438636 0.075000 0.122727
0 0.240341 0.513636 0.102273 0.072727
