0 0.531982 0.816732 0.105957 0.087891
0 0.189697 0.466960 0.055908 0.076823
1 0.766602 0.860677 0.117188 0.123698
0 0.710083 0.788574 0.083740 0.091471
0 0.182617 0.313802 0.111328 0.109375
0 0.093262 0.326497 0.082031 0.110026
0 0.574575 0.046276 0.075967 0.090965
0 0.109245 0.902585 0.172397 0.190888
0 0.540375 0.720771 0.081126 0.094238
0 0.725444 0.085236 0.170458 0.096964
0 0.968840 0.529084 0.062319 0.096066
0 0.491456 0.055678 0.094411 0.111357
0 0.272474 0.134032 0.079639 0.118000
0 0.696515 0.084899 0.111864 0.093955
0 0.319180 0.219439 0.096461 0.090082
0 0.353237 0.364702 0.093329 0.115914
0 0.245537 0.156448 0.091028 0.070734
0 0.314308 0.105560 0.053880 0.092037
0 0.413177 0.898636 0.092490 0.129865
0 0.039437 0.259546 0.071460 0.087765
0 0.437256 0.165789 0.097620 0.104144
0 0.719188 0.734012 0.086575 0.073446
0 0.864786 0.291735 0.096565 0.115288
0 0.249612 0.971360 0.137067 0.057280
0 0.343902 0.130467 0.038540 0.071511
0 0.985672 0.490223 0.028656 0.071730
0 0.098318 0.416050 0.097665 0.075080
0 0.768818 0.693334 0.074380 0.082521
0 0.718732 0.611111 0.083425 0.069095
0 0.474604 0.746465 0.066234 0.118598
0 0.839012 0.137809 0.081943 0.079938
0 0.420039 0.423343 0.111402 0.152237
0 0.408214 0.682601 0.090024 0.134227
1 0.620455 0.179545 0.057955 0.109091
1 0.583807 0.364773 0.066477 0.088636
0 0.571023 0.454545 0.078409 0.118182
0 0.699716 0.403409 0.093750 0.188636
1 0.675852 0.218182 0.032386 0.100000
0 0.548864 0.206818 0.068182 0.131818
