0 0.666016 0.411784 0.065430 0.082682
0 0.686768 0.511068 0.066895 0.067708
0 0.602051 0.553385 0.059570 0.084635
0 0.593506 0.388672 0.062988 0.088542
0 0.471924 0.574870 0.061035 0.062500
0 0.388690 0.442732 0.084961 0.063802
0 0.555664 0.513672 0.058594 0.076823
0 0.534180 0.565430 0.063477 0.059245
0 0.504150 0.518229 0.048340 0.054688
0 0.564697 0.773763 0.071777 0.074870
0 0.503174 0.787435 0.079590 0.080078
0 0.254790 0.959078 0.094996 0.059375
0 0.191611 0.920601 0.086447 0.066772
0 0.209096 0.476510 0.133664 0.168745
0 0.595075 0.451972 0.058121 0.063439
0 0.027319 0.677274 0.054337 0.091465
0 0.637787 0.440537 0.055251 0.071355
0 0.606787 0.449279 0.071719 0.061618
1 0.515625 0.403409 0.073295 0.120455
1 0.461932 0.488636 0.034091 0.109091
0 0.051136 0.579545 0.057955 0.077273
