0 0.135986 0.337240 0.090332 0.088542
0 0.375000 0.232422 0.107422 0.092448
0 0.259277 0.135417 0.094727 0.128906
0 0.264160 0.491862 0.108398 0.128255
0 0.671143 0.313151 0.098145 0.076823
0 0.802490 0.724935 0.124512 0.168620
0 0.326904 0.474609 0.097168 0.118490
0 0.421875 0.612956 0.115234 0.107422
0 0.551514 0.292643 0.122559 0.099609
0 0.676025 0.057617 0.153320 0.100260
0 0.682373 0.151042 0.118652 0.105469
0 0.211108 0.945370 0.115242 0.108424
0 0.954336 0.450103 0.091162 0.129286
0 0.067177 0.297725 0.087187 0.120644
0 0.046307 0.359069 0.092611 0.076283
0 0.115666 0.730085 0.120839 0.090477
0 0.185171 0.617391 0.127641 0.147819
0 0.030027 0.279230 0.059648 0.099486
0 0.208825 0.752373 0.120335 0.091078
0 0.024864 0.120677 0.049418 0.126162
0 0.552749 0.149064 0.168192 0.112194
0 0.084371 0.062194 0.100809 0.108966
0 0.968018 0.176825 0.063963 0.134736
0 0.032509 0.022530 0.065018 0.044532
0 0.603398 0.452454 0.065732 0.131247
0 0.952947 0.468118 0.088001 0.092635
0 0.948991 0.135505 0.095801 0.083983
0 0.065873 0.800653 0.131746 0.117047
0 0.022647 0.048711 0.044778 0.086361
0 0.593217 0.422524 0.056644 0.110769
0 0.121118 0.290877 0.067809 0.099736
0 0.046923 0.938936 0.092770 0.111157
0 0.976926 0.161750 0.046147 0.103616
0 0.885652 0.221322 0.100500 0.114014
0 0.688776 0.473367 0.123252 0.134417
0 0.952076 0.158808 0.095848 0.127050
0 0.672073 0.475668 0.088641 0.120161
0 0.026214 0.059244 0.052109 0.089309
0 0.495170 0.392045 0.090341 0.156818
0 0.571023 0.618182 0.057955 0.086364
