0 0.511230 0.367513 0.100586 0.125651
0 0.615967 0.364909 0.127930 0.135417
0 0.246826 0.288411 0.139648 0.097005
0 0.402344 0.163411 0.124023 0.158854
0 0.632568 0.593099 0.089355 0.141927
1 0.637695 0.502604 0.054199 0.126953
0 0.577637 0.624674 0.079590 0.108073
0 0.083966 0.522080 0.167293 0.110675
0 0.240390 0.961989 0.083990 0.074618
0 0.518049 0.492194 0.126314 0.148731
0 0.043572 0.240938 0.085757 0.089765
1 0.952624 0.668735 0.094030 0.134338
0 0.700395 0.907500 0.099628 0.184498
0 0.796332 0.917556 0.077864 0.095928
0 0.813368 0.802953 0.088423 0.138930
0 0.849352 0.964476 0.111137 0.070972
0 0.026135 0.430184 0.052110 0.111231
0 0.853173 0.850628 0.070922 0.078518
0 0.022702 0.735600 0.045404 0.088453
1 0.484973 0.935118 0.165803 0.129332
0 0.428461 0.035730 0.222263 0.070700
0 0.037075 0.982658 0.074149 0.034683
0 0.358710 0.714392 0.075796 0.093726
0 0.048234 0.638001 0.095865 0.102469
0 0.138407 0.944887 0.115706 0.110227
0 0.114653 0.407101 0.153748 0.178506
1 0.851723 0.940501 0.121643 0.118102
0 0.409217 0.552693 0.086262 0.105687
0 0.039449 0.313496 0.078898 0.078366
0 0.450428 0.928929 0.095503 0.110685
0 0.020745 0.588442 0.040832 0.092882
0 0.248071 0.697499 0.167243 0.124868
0 0.697554 0.776353 0.164097 0.153068
0 0.336678 0.487340 0.081408 0.151746
0 0.313305 0.259382 0.051799 0.062544
0 0.182312 0.765400 0.128127 0.125484
0 0.011111 0.599108 0.022013 0.107584
