0 0.497510 0.426598 0.168848 0.180176
0 0.570557 0.686611 0.152344 0.151387
0 0.243896 0.471520 0.150146 0.151855
0 0.917425 0.102196 0.096223 0.138186
0 0.063827 0.481614 0.127654 0.179201
0 0.962647 0.283573 0.074705 0.173679
0 0.047748 0.091162 0.095496 0.182324
0 0.425089 0.232186 0.171220 0.177286
1 0.442828 0.073120 0.116661 0.138137
1 0.353352 0.940044 0.111343 0.119913
1 0.928231 0.419200 0.064663 0.082611
0 0.123362 0.092460 0.133618 0.184920
0 0.828271 0.043524 0.140914 0.086723
1 0.962188 0.284878 0.075261 0.174351
0 0.966921 0.087099 0.065625 0.147373
1 0.424072 0.015545 0.123367 0.030505
1 0.642352 0.935590 0.134885 0.124192
0 0.597589 0.495877 0.150002 0.178425
1 0.287641 0.784526 0.111546 0.166164
0 0.044509 0.793218 0.088818 0.214764
0 0.827771 0.035597 0.119432 0.071093
1 0.644306 0.289665 0.109628 0.081506
1 0.604441 0.143217 0.113960 0.173288
0 0.236080 0.122727 0.063068 0.172727
0 0.139773 0.310227 0.136364 0.125000
0 0.310227 0.300000 0.095455 0.118182
0 0.247159 0.622727 0.098864 0.118182
0 0.140625 0.937500 0.086932 0.125000
0 0.758523 0.572727 0.068182 0.122727
0 0.763636 0.844318 0.109091 0.134091
0 0.775568 0.712500 0.037500 0.084091
0 0.938352 0.662500 0.107386 0.197727
0 0.819034 0.323864 0.114205 0.115909
0 0.849716 0.473864 0.076705 0.102273
0 0.768750 0.173864 0.139773 0.143182
0 0.474716 0.811364 0.103977 0.100000
0 0.350284 0.669318 0.097159 0.134091
