0 0.813477 0.304036 0.131836 0.120443
0 0.585449 0.149089 0.145508 0.201823
0 0.893311 0.151693 0.169434 0.177083
0 0.875000 0.510742 0.164062 0.171224
0 0.537354 0.324544 0.145996 0.162109
0 0.456787 0.447266 0.162598 0.255208
0 0.372070 0.547201 0.109863 0.236979
0 0.343506 0.122396 0.096191 0.182292
0 0.633789 0.478516 0.136719 0.123698
0 0.924886 0.636335 0.149675 0.164707
0 0.976268 0.490833 0.047465 0.213506
0 0.200791 0.047946 0.141175 0.095401
0 0.288518 0.295392 0.149168 0.187807
0 0.177408 0.518032 0.164256 0.189434
0 0.975601 0.099191 0.048798 0.198382
0 0.665565 0.218122 0.149588 0.250133
0 0.976545 0.286321 0.046468 0.157018
0 0.042661 0.166576 0.074946 0.103405
0 0.157670 0.239773 0.080114 0.120455
0 0.431250 0.132955 0.040909 0.184091
0 0.465341 0.056818 0.027273 0.059091
