0 0.469727 0.592448 0.142578 0.161458
0 0.354004 0.458984 0.087402 0.173828
0 0.657227 0.594076 0.130371 0.161458
0 0.175049 0.406250 0.170410 0.160156
0 0.359131 0.216797 0.157227 0.154948
0 0.614746 0.450521 0.148926 0.151693
0 0.103027 0.208008 0.149414 0.116536
0 0.520209 0.751603 0.173189 0.174912
0 0.786993 0.167186 0.138537 0.151291
0 0.813206 0.046376 0.155078 0.092752
0 0.208083 0.512058 0.153422 0.174913
0 0.298763 0.421712 0.109756 0.201355
0 0.042222 0.496938 0.083157 0.187507
0 0.441168 0.289991 0.145047 0.228673
0 0.622213 0.344514 0.164694 0.178037
0 0.574605 0.650077 0.143454 0.177317
0 0.949613 0.132540 0.099523 0.265080
0 0.621437 0.096173 0.170520 0.192346
0 0.405931 0.056391 0.131088 0.112142
0 0.035859 0.069002 0.071719 0.134432
