0 0.769043 0.569987 0.196289 0.238932
0 0.678955 0.386719 0.191406 0.185547
0 0.421155 0.270345 0.173608 0.195964
0 0.443808 0.586488 0.143981 0.117779
0 0.447553 0.408807 0.132247 0.137257
0 0.439832 0.762891 0.151392 0.189453
0 0.143311 0.768880 0.212402 0.150391
0 0.336426 0.866406 0.161133 0.195964
0 0.273682 0.257161 0.170898 0.250651
0 0.554159 0.133836 0.111737 0.229912
0 0.709994 0.263172 0.183350 0.147313
0 0.168855 0.210124 0.202085 0.213542
0 0.789895 0.739276 0.142022 0.175477
0 0.913529 0.704329 0.172942 0.194744
0 0.425117 0.575065 0.214433 0.205893
0 0.387095 0.113015 0.136134 0.226030
0 0.591943 0.690250 0.172299 0.207475
0 0.046120 0.211992 0.092240 0.225436
0 0.057602 0.507766 0.115205 0.219003
0 0.965849 0.288551 0.067315 0.178857
0 0.287070 0.054503 0.156653 0.109006
0 0.783225 0.901308 0.158804 0.197383
0 0.889284 0.270297 0.153594 0.210686
0 0.903870 0.912842 0.187775 0.174113
0 0.083834 0.827896 0.167668 0.241687
0 0.703988 0.967845 0.205833 0.064310
0 0.179763 0.400398 0.138341 0.204947
0 0.977064 0.550281 0.045872 0.225210
0 0.498880 0.945588 0.147962 0.108731
0 0.876188 0.456153 0.216938 0.261171
0 0.075141 0.096039 0.150282 0.186388
0 0.319846 0.691279 0.202850 0.220706
0 0.298992 0.364580 0.103675 0.177471
0 0.071844 0.986050 0.134174 0.027900
0 0.078785 0.021391 0.155150 0.042324
0 0.176162 0.937326 0.176789 0.125222
0 0.205527 0.943780 0.138284 0.112440
0 0.374148 0.980621 0.155439 0.038757
0 0.682002 0.973211 0.206810 0.053364
0 0.687815 0.872849 0.164527 0.195279
0 0.013740 0.485541 0.027420 0.194429
0 0.215795 0.399401 0.207353 0.205817
0 0.600852 0.473864 0.107386 0.179545
