0 0.788330 0.385579 0.164062 0.217773
0 0.432129 0.718115 0.150879 0.172884
0 0.325562 0.808464 0.158936 0.181641
0 0.163083 0.082204 0.176006 0.164408
0 0.061714 0.041998 0.123427 0.083996
0 0.293023 0.165127 0.175369 0.273676
0 0.352826 0.045339 0.139458 0.090664
0 0.152928 0.962737 0.161913 0.074527
0 0.245182 0.897393 0.159945 0.205215
0 0.040157 0.116387 0.079958 0.170769
1 0.679365 0.570886 0.069346 0.123935
0 0.330682 0.421591 0.068182 0.102273
0 0.582955 0.643182 0.126136 0.159091
0 0.601705 0.829545 0.126136 0.172727
0 0.798580 0.779545 0.151705 0.140909
0 0.753409 0.645455 0.061364 0.090909
0 0.867614 0.595455 0.095455 0.136364
0 0.946023 0.352273 0.068182 0.131818
0 0.956250 0.609091 0.057955 0.127273
0 0.806250 0.968182 0.112500 0.063636
0 0.938352 0.860227 0.066477 0.143182
0 0.077557 0.643182 0.093750 0.109091
0 0.174716 0.692045 0.090341 0.115909
0 0.089489 0.444318 0.114205 0.143182
0 0.064773 0.295455 0.088636 0.100000
0 0.559943 0.393182 0.103977 0.104545
0 0.455114 0.197727 0.112500 0.159091
0 0.589773 0.231818 0.122727 0.154545
0 0.802841 0.186364 0.112500 0.159091
0 0.568466 0.070455 0.110795 0.122727
0 0.690341 0.109091 0.071591 0.113636
0 0.308523 0.552273 0.102273 0.136364
